[0.0, 0, 0.0]
[0.0, 0, 5.8028201706028515e-05]
[5.8028201706028515e-05, 0, 5.8028201706028515e-05]
[0.0, 0, 5.8028201706028515e-05]
[0.0, 0, 0.0]
[0.0, 0, 5.8028201706028515e-05]
[5.8028201706028515e-05, 0, 0.00011605640341205703]
[0.00011605640341205703, 0, 0.00023211280682411406]
[0.0003481692102361711, 0, 0.0004642256136482281]
[0.0004061974119421996, 0, 0.0005802820170602851]
[0.0008704230255904416, 0, 0.0011025358324145418]
[0.0008704230255904416, 0, 0.0012185922358265988]
[0.0015087332443567553, 0, 0.002030987059710998]
[0.0015087332443567553, 0, 0.0020890152614170265]
[0.0023211280682411684, 0, 0.0031915510938315683]
[0.0024371844716532254, 0, 0.003249579295537597]
[0.003307607497243667, 0, 0.00452619973307028]
[0.003539720304067781, 0, 0.004758312539894394]
[0.004468171531364237, 0, 0.006150989380839078]
[0.004816340741600422, 0, 0.006615214994487306]
[0.005860848372308949, 0, 0.00800789183543199]
[0.0064411303893692345, 0, 0.008704230255904333]
[0.007427609818371733, 0, 0.010096907096849073]
[0.008181976440550104, 0, 0.011083386525851557]
[0.009110427667846574, 0, 0.012418035165090213]
[0.010154935298555101, 0, 0.013752683804328869]
[0.011025358324145529, 0, 0.015029304241861552]
[0.012360006963384199, 0, 0.016828178494748436]
[0.013172401787268612, 0, 0.017988742528869006]
[0.014913247838449481, 0, 0.020309870597110202]
[0.015551558057215809, 0, 0.021296350026112687]
[0.01769860152033889, 0, 0.024197760111414113]
[0.01816282713398712, 0, 0.02489409853188651]
[0.02083212441246446, 0, 0.02837579063424822]
[0.021064237219288573, 0, 0.02878198804619042]
[0.024081703708002083, 0, 0.03296001856902453]
[0.024081703708002083, 0, 0.03301804677073056]
[0.027331283003539722, 0, 0.03754424650380084]
[0.027621424012069865, 0, 0.03789241571403701]
[0.030580862299077347, 0, 0.04230255904369523]
[0.031219172517843674, 0, 0.04317298206928566]
[0.0340625544014391, 0, 0.047467068995531825]
[0.0350490338304416, 0, 0.04885974583647651]
[0.037776359310624966, 0, 0.05292171995589856]
[0.039169036151569664, 0, 0.05489467881390353]
[0.04154819242151686, 0, 0.05860848372308941]
[0.04259270005222539, 0, 0.06017524516915218]
[0.04543608193582081, 0, 0.06452736029710437]
[0.04769918180235595, 0, 0.06783496779434806]
[0.04955608425694888, 0, 0.07067834967794345]
[0.05228340973713225, 0, 0.07462426739395345]
[0.053792142981489, 0, 0.07694539546219464]
[0.05704172227702664, 0, 0.0815296233969709]
[0.05826031451285324, 0, 0.08332849764985784]
[0.06209017582545118, 0, 0.08849300760169443]
[0.06290257064933558, 0, 0.08971159983752103]
[0.06719665757558174, 0, 0.09551442000812393]
[0.06766088318922997, 0, 0.09615273022689025]
[0.07276736493936053, 0, 0.10259386061625947]
[0.07810595949631521, 0, 0.10903499100562875]
[0.0786862415133755, 0, 0.10973132942610109]
[0.08576568212151106, 0, 0.11756513665641499]
[0.08692624615563163, 0, 0.11872570069053562]
[0.09151047409040794, 0, 0.12284570301166364]
[0.09313526373817677, 0, 0.12418035165090235]
[0.09731329426101085, 0, 0.12748795914814598]
[0.1002147043463123, 0, 0.12951894620785703]
[0.10387048105379215, 0, 0.13184007427609817]
[0.107584285962978, 0, 0.13381303313410314]
[0.11100794986363374, 0, 0.135437822781872]
[0.11582429060523414, 0, 0.1372947252364649]
[0.11884175709394768, 0, 0.1382812046654674]
[0.12470260546625661, 0, 0.13973190970811816]
[0.1270817617362038, 0, 0.14025416352347242]
[0.13392908953751523, 0, 0.14129867115418088]
[0.13561190738699008, 0, 0.14147275575929902]
[0.14350374281901004, 0, 0.14187895317124116]
[0.14437416584460047, 0, 0.14193698137294725]
[0.15307839610050486, 0, 0.14193698137294725]
[0.1531364243022109, 0, 0.14193698137294725]
[0.1619567109615273, 0, 0.14147275575929902]
[0.16271107758370568, 0, 0.14135669935588696]
[0.17077699762084372, 0, 0.14054430453200256]
[0.17234375906690652, 0, 0.14031219172517845]
[0.1796553124818662, 0, 0.13926768409446988]
[0.18197644055010734, 0, 0.13886148668252768]
[0.18830151453606456, 0, 0.13804909185864328]
[0.19137700922648407, 0, 0.1377009226484071]
[0.19694771659026286, 0, 0.1372947252364649]
[0.20095166250797888, 0, 0.1370626124296408]
[0.20600011605640342, 0, 0.13700458422793477]
[0.21087448499970987, 0, 0.1370626124296408]
[0.21511054372425, 0, 0.1372947252364649]
[0.22097139209655894, 0, 0.13781697905181917]
[0.22468519700574482, 0, 0.13839726106887945]
[0.23257703243776476, 0, 0.1400220507166483]
[0.23547844252306624, 0, 0.14083444554053265]
[0.24290605234143794, 0, 0.14332965821389193]
[0.24458887019091277, 0, 0.14402599663436427]
[0.25236464921952073, 0, 0.14768177334184412]
[0.2532350722451111, 0, 0.14814599895549235]
[0.26014042824812855, 0, 0.15220797307491435]
[0.2616491614924854, 0, 0.15325248070562297]
[0.26884465850403294, 0, 0.15853304706087162]
[0.26959902512621137, 0, 0.1591133290779319]
[0.2771426913479952, 0, 0.1656705158707132]
[0.2843381883595427, 0, 0.17274995647884867]
[0.2862531190158417, 0, 0.17472291533685375]
[0.2914756571693843, 0, 0.1800034816921024]
[0.29402889804444965, 0, 0.18255672256716765]
[0.2984970695758139, 0, 0.18708292230023787]
[0.3017466488713515, 0, 0.19015841699065744]
[0.30569256658736144, 0, 0.19387222189984327]
[0.30952242789995943, 0, 0.1973539140022051]
[0.31265595079208497, 0, 0.20019729588580054]
[0.31671792491150697, 0, 0.20373701618986823]
[0.31898102477804213, 0, 0.2057099750478733]
[0.3233911681077003, 0, 0.20936575175535305]
[0.3250739859571752, 0, 0.21075842859629784]
[0.3296001856902455, 0, 0.21441420530377758]
[0.3304125805141299, 0, 0.21505251552254395]
[0.33308187779260723, 0, 0.21690941797713686]
[0.3331399059943132, 0, 0.21696744617884295]
[0.33766610572738354, 0, 0.21969477165902623]
[0.3380142749376197, 0, 0.21986885626414437]
[0.34201822085533573, 0, 0.22137758950850112]
[0.3427145592758081, 0, 0.22155167411361926]
[0.3463703359832879, 0, 0.22213195613067954]
[0.3474728718157024, 0, 0.22218998433238552]
[0.35066442290953403, 0, 0.22230604073579757]
[0.3521731561538908, 0, 0.22213195613067954]
[0.3548424534323681, 0, 0.22160970231532523]
[0.35716358150060934, 0, 0.2209133638948529]
[0.35849823013984794, 0, 0.22050716648291063]
[0.36087738640979516, 0, 0.21940463065049615]
[0.3618058376370916, 0, 0.21894040503684792]
[0.3642430221087448, 0, 0.21731561538907912]
[0.3648233041258051, 0, 0.21696744617884295]
[0.36720246039575233, 0, 0.21482040271571984]
[0.3674926014042825, 0, 0.21458828990889572]
[0.3696976730691116, 0, 0.21197702083212439]
[0.3697557012708176, 0, 0.21197702083212439]
[0.3716706319271166, 0, 0.2089595543434109]
[0.37178668833052864, 0, 0.2086694133348807]
[0.3732373933731794, 0, 0.20559391864446125]
[0.3734695061800035, 0, 0.2048975802239889]
[0.37451401381071203, 0, 0.20182208553356934]
[0.37474612661753615, 0, 0.20071954970115474]
[0.3754424650380085, 0, 0.19776011141414723]
[0.3756745778448326, 0, 0.19619334996808452]
[0.37608077525677486, 0, 0.19340799628619504]
[0.3762548598618929, 0, 0.191318981024778]
[0.3765450008704231, 0, 0.18870771194800667]
[0.3767771136772472, 0, 0.18586433006441133]
[0.37695119828236523, 0, 0.18371728660128822]
[0.3770672546857773, 0, 0.18128010212963502]
[0.3772993674926014, 0, 0.17982939708698426]
[0.37776359310624963, 0, 0.17716009980850694]
[0.37828584692160394, 0, 0.17489699994197178]
[0.37909824174548834, 0, 0.17205361805837632]
[0.3796785237625486, 0, 0.17054488481401958]
[0.3810131724017872, 0, 0.16764347472871816]
[0.3815934544188476, 0, 0.16665699529971562]
[0.38345035687344053, 0, 0.16381361341612027]
[0.38391458248708876, 0, 0.16323333139906]
[0.3862937387570359, 0, 0.1605060059188766]
[0.3865838797655661, 0, 0.16027389311205248]
[0.3894272616491615, 0, 0.1577786804386932]
[0.39232867173446295, 0, 0.1558637497823942]
[0.39256078454128707, 0, 0.15568966517727617]
[0.3952300818197644, 0, 0.15447107294144952]
[0.3957523356351187, 0, 0.1542969883363315]
[0.39807346370335983, 0, 0.15383276272268326]
[0.3987698021238322, 0, 0.1537167063192712]
[0.4008007891835432, 0, 0.15383276272268326]
[0.40178726861254566, 0, 0.1540068473278013]
[0.4035281146637266, 0, 0.15470318574827363]
[0.4046886786978472, 0, 0.15528346776533392]
[0.40584924273196776, 0, 0.15609586258921831]
[0.4074160041780305, 0, 0.15731445482504497]
[0.40834445540532704, 0, 0.15812684964892937]
[0.4100272732548018, 0, 0.15980966749840425]
[0.41072361167527416, 0, 0.1605060059188766]
[0.4125224859281611, 0, 0.16259502118029362]
[0.4129867115418093, 0, 0.1631753031973539]
[0.41484361399640224, 0, 0.16572854407241916]
[0.41507572680322635, 0, 0.16607671328265533]
[0.4171067138629374, 0, 0.16926826437648695]
[0.4171647420646434, 0, 0.16932629257819304]
[0.41919572912435443, 0, 0.1729240410839668]
[0.4193117855277665, 0, 0.1732141820924969]
[0.42111065978065343, 0, 0.17692798700168283]
[0.4214008007891835, 0, 0.17768235362386114]
[0.42296756223524634, 0, 0.18145418673475305]
[0.42343178784889457, 0, 0.18273080717228568]
[0.4247664364881333, 0, 0.18644461208147162]
[0.42534671850519357, 0, 0.18830151453606453]
[0.4263912261359021, 0, 0.1918992630418383]
[0.42702953635466834, 0, 0.19445250391690366]
[0.4278999593802588, 0, 0.19776011141414723]
[0.42859629780073116, 0, 0.2010677189113909]
[0.42923460801949753, 0, 0.20391110079498637]
[0.42998897464167585, 0, 0.20779899030929033]
[0.430395172053618, 0, 0.21041025938606167]
[0.43103348227238436, 0, 0.2162711077583706]
[0.4312655950792085, 0, 0.2184761794231997]
[0.43138165148262053, 0, 0.22422097139209657]
[0.43138165148262053, 0, 0.22555562003133517]
[0.4309174258689723, 0, 0.23217083502582253]
[0.4308593976672662, 0, 0.23292520164800096]
[0.42975686183485173, 0, 0.24052689607149075]
[0.42975686183485173, 0, 0.24058492427319672]
[0.4279579875819648, 0, 0.24818661869668662]
[0.4277258747751407, 0, 0.24882492891545288]
[0.42534671850519357, 0, 0.2557883131201764]
[0.4219810828062438, 0, 0.26327395114025415]
[0.42163291359600763, 0, 0.2639122613590205]
[0.41780305228340975, 0, 0.27058550455521385]
[0.41693262925781926, 0, 0.2718621249927465]
[0.4130447397435154, 0, 0.2775488887599373]
[0.41159403470086464, 0, 0.2794057912145303]
[0.4075900887831486, 0, 0.2843381883595428]
[0.404340509487611, 0, 0.2877618522601984]
[0.40149712760401557, 0, 0.29060523414379386]
[0.39720304067776946, 0, 0.29443509545639185]
[0.3947078280044102, 0, 0.29664016712122093]
[0.3894852898508675, 0, 0.30087622584576107]
[0.3875703591945686, 0, 0.30250101549352987]
[0.38153542621714154, 0, 0.3070852434283062]
[0.3802007775779028, 0, 0.3081297510590147]
[0.3727151395578251, 0, 0.3137004584227934]
[0.37201880113735275, 0, 0.31416468403644165]
[0.3653455579411594, 0, 0.3195032785933964]
[0.36395288110021473, 0, 0.3205477862241049]
[0.35861428654326, 0, 0.32501595775546915]
[0.35600301746648877, 0, 0.32716300121859226]
[0.35141878953171246, 0, 0.33105089073289623]
[0.3480531538327627, 0, 0.3338362444147856]
[0.3439331515116346, 0, 0.3373759647188534]
[0.33847850055126794, 0, 0.3420182208553357]
[0.3363894852898509, 0, 0.3438170951082226]
[0.3302384959090118, 0, 0.3490396332617652]
[0.328787790866361, 0, 0.3503162536992978]
[0.32194046306504964, 0, 0.35623513027331283]
[0.3211860964428712, 0, 0.35693146869378517]
[0.3135844020193814, 0, 0.3633725990831544]
[0.31352637381767545, 0, 0.36348865548656645]
[0.3058086229907735, 0, 0.3701038704810538]
[0.30511228457030115, 0, 0.370626124296408]
[0.29803284396216567, 0, 0.37671908547554106]
[0.2966401671212209, 0, 0.37787964950966174]
[0.2903150931352637, 0, 0.3834503568734405]
[0.2882260778738467, 0, 0.3852492311263274]
[0.2825393141066559, 0, 0.3901816282713399]
[0.27830325538211576, 0, 0.39383740497881975]
[0.27476353507804796, 0, 0.39702895607265126]
[0.2698311379330355, 0, 0.40138107120060346]
[0.26698775604944003, 0, 0.4039343120756688]
[0.26130099228224923, 0, 0.4089247374223873]
[0.2591539488191261, 0, 0.41083966807868627]
[0.2527128184297569, 0, 0.416410375442465]
[0.25126211338710613, 0, 0.41768699587999764]
[0.24406661637555851, 0, 0.42383798526083677]
[0.24337027795508617, 0, 0.4245343236813091]
[0.23547844252306624, 0, 0.43143967968432656]
[0.23547844252306624, 0, 0.43149770788603264]
[0.22752857888934022, 0, 0.4384030638890501]
[0.22683224046886788, 0, 0.4389833459061104]
[0.21957871525561426, 0, 0.4453664480937736]
[0.2181280102129635, 0, 0.44658504032960017]
[0.2115708234201822, 0, 0.4522718040967911]
[0.21081645679800384, 0, 0.45285208611385136]
[0.2036209597864562, 0, 0.4592351883015145]
[0.20205419834039343, 0, 0.4605698369407532]
[0.19509081413566995, 0, 0.46689491092671037]
[0.19271165786572272, 0, 0.4689258979864214]
[0.18719897870364996, 0, 0.4739163233331399]
[0.18528404804735102, 0, 0.4755411129809087]
[0.1823246097603435, 0, 0.47826843846109207]
[0.17895897406139386, 0, 0.4812278767480996]
[0.17437474612661755, 0, 0.48540590727093363]
[0.16996460279695932, 0, 0.4892357685835316]
[0.16636685429118553, 0, 0.49236929147565717]
[0.16126037254105496, 0, 0.4965473219984912]
[0.15830093425404748, 0, 0.49892647826843844]
[0.15214994487320838, 0, 0.5032785933963906]
[0.1500029014100853, 0, 0.5047292984390415]
[0.14385191202924622, 0, 0.5081529623396972]
[0.1425752915917136, 0, 0.5088493007601695]
[0.13613416120234434, 0, 0.5115185980386467]
[0.13555387918528405, 0, 0.5118087390471768]
[0.12934486160273895, 0, 0.5137816979051819]
[0.12876457958567863, 0, 0.5138977543085941]
[0.12319387222189984, 0, 0.5148842337375965]
[0.1220913363894853, 0, 0.5150002901410085]
[0.1169268264376487, 0, 0.5154064875529507]
[0.11524400858817385, 0, 0.5154064875529507]
[0.1107758370568096, 0, 0.5152904311495388]
[0.10868682179539257, 0, 0.5150002901410085]
[0.10526315789473684, 0, 0.5144200081239483]
[0.1030000580282017, 0, 0.5138977543085941]
[0.10038878895143039, 0, 0.5131433876864155]
[0.09771949167295305, 0, 0.5120988800557071]
[0.09551442000812396, 0, 0.5111124006267045]
[0.09272906632623457, 0, 0.5096036673823479]
[0.09127836128358383, 0, 0.5087332443567574]
[0.08860906400510649, 0, 0.5067602854987523]
[0.08773864097951606, 0, 0.506005918876574]
[0.08530145650786283, 0, 0.5033366215980968]
[0.08477920269250855, 0, 0.5026983113793304]
[0.08210990541403121, 0, 0.4987523936633204]
[0.0818777926072071, 0, 0.49834619625137816]
[0.0798468055474961, 0, 0.4945163349387803]
[0.07944060813555387, 0, 0.4937039401148959]
[0.0778738466894911, 0, 0.490106191609122]
[0.07735159287413684, 0, 0.48888759937329546]
[0.0763070852434283, 0, 0.4857540764811698]
[0.0759008878314861, 0, 0.484129286833401]
[0.07537863401613185, 0, 0.4811698485463935]
[0.0750884930076017, 0, 0.4789647768815644]
[0.07491440840248362, 0, 0.476237451401381]
[0.0746822955956595, 0, 0.47345209771949165]
[0.07462426739395348, 0, 0.4710729414495444]
[0.07450821099054142, 0, 0.46776533395230085]
[0.07445018278883539, 0, 0.46585040329600186]
[0.07421806998201125, 0, 0.4619044855799919]
[0.07416004178030522, 0, 0.46045378053734115]
[0.07386990077177508, 0, 0.4570301166366854]
[0.07363778796495096, 0, 0.4551151859803864]
[0.07282539314106656, 0, 0.4511112400626705]
[0.07265130853594848, 0, 0.45012476063366796]
[0.0723031393257123, 0, 0.4489641965995474]
[0.07212905472059422, 0, 0.44855799918760514]
[0.07033018046770731, 0, 0.4443799686647711]
[0.07015609586258922, 0, 0.44397377125282883]
[0.06766088318922997, 0, 0.43991179713340683]
[0.06713862937387571, 0, 0.4392154587129345]
[0.06464341670051646, 0, 0.43637207682933904]
[0.063772993674926, 0, 0.4354436256020426]
[0.06121975279986072, 0, 0.4332965821389195]
[0.059885104160622066, 0, 0.43225207450821096]
[0.05733186328555678, 0, 0.4307433412638542]
[0.05553298903266987, 0, 0.4297568618348518]
[0.05321186096442872, 0, 0.4288284106075552]
[0.05089073289618755, 0, 0.4280160157836708]
[0.04891777403818255, 0, 0.4275517901700226]
[0.046132420356293155, 0, 0.4272036209597864]
[0.04450763070852434, 0, 0.4272036209597864]
[0.041432136018104804, 0, 0.42743573376661054]
[0.04061974119422039, 0, 0.4276098183717287]
[0.03713804909185864, 0, 0.42877038240584925]
[0.03673185167991644, 0, 0.4289444670109673]
[0.033250159577554686, 0, 0.4308593976672663]
[0.03319213137584866, 0, 0.43091742586897236]
[0.03011663668542912, 0, 0.43341263854233153]
[0.029884523878605004, 0, 0.43364475134915564]
[0.02738931120524575, 0, 0.43631404862763307]
[0.02698311379330355, 0, 0.43683630244298727]
[0.025010154935298554, 0, 0.4396796843265827]
[0.02442987291823827, 0, 0.4406081355538792]
[0.022921139673881513, 0, 0.4433354610340626]
[0.022282829455115186, 0, 0.44472813787500726]
[0.02123832182440666, 0, 0.44739743515348457]
[0.020658039807346373, 0, 0.4492543376080775]
[0.019961701386874017, 0, 0.4516334938780247]
[0.01949747577322579, 0, 0.45401265014797193]
[0.01909127836128359, 0, 0.45615969361109504]
[0.018743109151047405, 0, 0.4592932165032206]
[0.018627052747635348, 0, 0.46126617536122555]
[0.018627052747635348, 0, 0.4652120930772355]
[0.018685080949341376, 0, 0.4668368827250044]
[0.019149306562989618, 0, 0.4714791388614867]
[0.019265362966401675, 0, 0.4725816746939013]
[0.020251842395404174, 0, 0.47780421284744384]
[0.020309870597110202, 0, 0.47838449486450413]
[0.021644519236348872, 0, 0.4841873150351071]
[0.021644519236348872, 0, 0.48424534323681306]
[0.02344339348923577, 0, 0.490106191609122]
[0.0235014216909418, 0, 0.4901642198108281]
[0.022863111472175485, 0, 0.4887715429698834]
[0.0230952242789996, 0, 0.4892357685835316]
[0.025416352347240753, 0, 0.49486450414901645]
[0.026170718969419138, 0, 0.4966633784019033]
[0.028027621424012064, 0, 0.5011895781349736]
[0.029014100853014563, 0, 0.5033946497998028]
[0.030812975105901474, 0, 0.5074566239192246]
[0.0316833981314919, 0, 0.5090814135669937]
[0.033888469796321014, 0, 0.5135495850983578]
[0.03568734404920791, 0, 0.5169152207973076]
[0.03719607729356468, 0, 0.5198166308826089]
[0.039517205361805835, 0, 0.5240526896071491]
[0.040851854001044505, 0, 0.5265479022805084]
[0.043811292288052, 0, 0.5315963558289329]
[0.04491382812046654, 0, 0.5335693146869378]
[0.04862763302965241, 0, 0.5393141066558347]
[0.04944002785353682, 0, 0.5405907270933674]
[0.05390819938490106, 0, 0.5467997446759125]
[0.0543724249985493, 0, 0.5474380548946789]
[0.05971101955550398, 0, 0.5542273544942842]
[0.0653397551209888, 0, 0.5609586258921837]
[0.06586200893634306, 0, 0.5615389079092439]
[0.07149074450182788, 0, 0.5673417280798467]
[0.07259328033424245, 0, 0.5684442639122613]
[0.07793187489119713, 0, 0.5735507456623918]
[0.07973074914408404, 0, 0.5752335635118668]
[0.0840828642720362, 0, 0.5791794812278768]
[0.08721638716416177, 0, 0.5818487785063542]
[0.09116230488017177, 0, 0.5851563860035978]
[0.09510822259618174, 0, 0.5881738524923112]
[0.0985899146985435, 0, 0.5907270933673765]
[0.1033482272384379, 0, 0.5940347008646203]
[0.10624963732373935, 0, 0.5958916033192132]
[0.11199442929263623, 0, 0.5990831544130448]
[0.1143155573608774, 0, 0.6003017466488714]
[0.12145302617071899, 0, 0.6036673823478211]
[0.12319387222189984, 0, 0.6044217489699995]
[0.13154993326756803, 0, 0.6077873846689492]
[0.13253641269657054, 0, 0.6081935820808912]
[0.14193698137294725, 0, 0.6113851331747229]
[0.14199500957465327, 0, 0.6114431613764288]
[0.15162769105785412, 0, 0.6143445714617304]
[0.15244008588173852, 0, 0.6145186560668485]
[0.1615505135495851, 0, 0.6167817559333837]
[0.163291359600766, 0, 0.6171299251436198]
[0.17158939244472815, 0, 0.6186966865896826]
[0.17431671792491152, 0, 0.6191609122033308]
[0.18186038414669528, 0, 0.6203795044391573]
[0.18557418905588116, 0, 0.6209017582545118]
[0.19230546045378052, 0, 0.621772181280102]
[0.1970057447919689, 0, 0.6222944350954565]
[0.20286659316427783, 0, 0.6229907735159288]
[0.20855335693146868, 0, 0.623513027331283]
[0.21348575407648115, 0, 0.6240352811466372]
[0.22015899727267454, 0, 0.6246735913654036]
[0.22410491498868448, 0, 0.6251378169790518]
[0.23176463761388036, 0, 0.6258921836012301]
[0.23478210410259384, 0, 0.6262403528114664]
[0.24348633435849823, 0, 0.6271107758370569]
[0.24551732141820928, 0, 0.627342888643881]
[0.2553821157082342, 0, 0.6283873962745894]
[0.2564266233389427, 0, 0.6285034526780016]
[0.26530493819996515, 0, 0.629431903905298]
[0.2673359252596762, 0, 0.6296640167121221]
[0.27725874775140724, 0, 0.6307085243428305]
[0.27830325538211576, 0, 0.6308245807462427]
[0.2893286137062613, 0, 0.6321012011837752]
[0.3004120002321128, 0, 0.633377821621308]
[0.3033714385191203, 0, 0.6337259908315442]
[0.3114373585562583, 0, 0.6348285266639586]
[0.31544130447397434, 0, 0.635350780479313]
[0.32246271688040384, 0, 0.6363372599083155]
[0.3274531422271224, 0, 0.6369755701270818]
[0.3334880752045494, 0, 0.6377879649509661]
[0.3414959670399814, 0, 0.6387164161782626]
[0.3445134335286949, 0, 0.6390645853884989]
[0.35356583299483546, 0, 0.6399350084140893]
[0.3555968200545465, 0, 0.6401090930192073]
[0.36557767074798353, 0, 0.6406313468345617]
[0.36662217837869204, 0, 0.6406893750362677]
[0.3772993674926014, 0, 0.6401090930192073]
[0.3854233157314455, 0, 0.6385423315731447]
[0.38693204897580225, 0, 0.6381361341612024]
[0.3938374049788197, 0, 0.6362212035049033]
[0.39586839203853075, 0, 0.635466836882725]
[0.40103290199036734, 0, 0.6334358498230139]
[0.4035281146637266, 0, 0.6322752857888934]
[0.4078802297916788, 0, 0.6300121859223582]
[0.41072361167527416, 0, 0.6282713398711774]
[0.4141472755759299, 0, 0.6260082400046423]
[0.4173388266697615, 0, 0.623513027331283]
[0.42000812394823883, 0, 0.62136598386816]
[0.4233737596471886, 0, 0.6182904891777403]
[0.42534671850519357, 0, 0.6164335867231474]
[0.42888643880926136, 0, 0.6126617536122556]
[0.43022108744849996, 0, 0.6112110485696047]
[0.43376080775256776, 0, 0.6065687924331225]
[0.43457320257645216, 0, 0.605524284802414]
[0.4379968664771079, 0, 0.5998375210352231]
[0.43834503568734406, 0, 0.5992572390181627]
[0.4417106713862937, 0, 0.5924679394185575]
[0.4417686995879998, 0, 0.5924679394185575]
[0.4447861660767133, 0, 0.5854465270121278]
[0.4450182788835374, 0, 0.5848082167933615]
[0.4474554633551906, 0, 0.5780769453954622]
[0.44786166076713285, 0, 0.5767422967562235]
[0.4498926478268438, 0, 0.5705332791736784]
[0.4504729298439041, 0, 0.5684442639122613]
[0.45221377589508505, 0, 0.5626994719433644]
[0.45296814251726336, 0, 0.5597980618580629]
[0.454244762954796, 0, 0.5546335519062264]
[0.45511518598038647, 0, 0.5509197469970406]
[0.456159693611095, 0, 0.5463935472639703]
[0.45708814483839144, 0, 0.5418673475308999]
[0.4579585678639819, 0, 0.5380374862183022]
[0.4591191318981025, 0, 0.5326408634596413]
[0.45981547031857484, 0, 0.5295073405675159]
[0.4606858933441652, 0, 0.5246909998259155]
[0.46138223176463755, 0, 0.5207450821099053]
[0.46219462658852195, 0, 0.5150583183427146]
[0.46271688040387626, 0, 0.511866767248883]
[0.4637033598328788, 0, 0.5052515522543957]
[0.464051529043115, 0, 0.5028143677827424]
[0.46492195206870535, 0, 0.4953287297626647]
[0.46515406487552946, 0, 0.4937039401148959]
[0.4660825161028259, 0, 0.4844774560436372]
[0.466140544304532, 0, 0.4836070330180468]
[0.4669529391284164, 0, 0.47513491556896653]
[0.46706899553182846, 0, 0.4733940695177857]
[0.4677073057505948, 0, 0.4656763186908837]
[0.4678233621540069, 0, 0.4630070214124064]
[0.46817153136424305, 0, 0.456043637207683]
[0.4682875877676551, 0, 0.4525039169036152]
[0.4685777287761852, 0, 0.44635292752277606]
[0.46869378517959726, 0, 0.4415946149828817]
[0.4688098415830093, 0, 0.4364881332327511]
[0.4688098415830093, 0, 0.43277432832356527]
[0.46898392618812745, 0, 0.4265072825393141]
[0.4696802646085998, 0, 0.40793825799338473]
[0.47002843381883597, 0, 0.4010329019903673]
[0.4707247722393083, 0, 0.39250275633958104]
[0.4709568850461324, 0, 0.39111007949863635]
[0.472291533685371, 0, 0.3820576800324958]
[0.47246561829048916, 0, 0.38107120060349325]
[0.47443857714849413, 0, 0.37109034991005624]
[0.4744966053502002, 0, 0.37109034991005624]
[0.4769918180235594, 0, 0.3611675274183253]
[0.4772239308303835, 0, 0.3602971043927348]
[0.4798932281088609, 0, 0.35136076133000643]
[0.4804154819242151, 0, 0.34961991527882547]
[0.48308477920269244, 0, 0.3417280798468056]
[0.4839552022282829, 0, 0.3391748389717402]
[0.48662449950676023, 0, 0.3322694829687228]
[0.48790111994429286, 0, 0.32884581906806704]
[0.49033830441594617, 0, 0.3229269424940521]
[0.49196309406371497, 0, 0.31874891197121796]
[0.49387802472001396, 0, 0.3138165148262055]
[0.4956188707711948, 0, 0.30900017408460506]
[0.4970115476121395, 0, 0.30499622816688915]
[0.4985783090582022, 0, 0.2994835490048164]
[0.49939070388208673, 0, 0.2964660825161028]
[0.5003771833110892, 0, 0.29095340335403]
[0.5007253525213253, 0, 0.288864388092613]
[0.5013056345383856, 0, 0.2820170602913015]
[0.5013636627400917, 0, 0.2804502988452388]
[0.5007833807230314, 0, 0.27273254801833685]
[0.5007253525213253, 0, 0.27192015319445245]
[0.4994487320837927, 0, 0.26333197934196023]
[0.4994487320837927, 0, 0.26333197934196023]
[0.4977659142343178, 0, 0.255033946497998]
[0.4975918296291998, 0, 0.2542795798758197]
[0.49585098357801893, 0, 0.24696802646085997]
[0.4954447861660767, 0, 0.2455173214182092]
[0.4938199965183079, 0, 0.239018162827134]
[0.49329774270295357, 0, 0.2368711193640109]
[0.49196309406371497, 0, 0.23124238379852607]
[0.4916149248534788, 0, 0.2297916787558753]
[0.49039633261765214, 0, 0.22335054836650609]
[0.49004816340741597, 0, 0.22120350490338309]
[0.48935182498694363, 0, 0.2157488539430163]
[0.48906168397841354, 0, 0.21296350026112693]
[0.48877154296988334, 0, 0.20826321592293856]
[0.4886554865664713, 0, 0.2048975802239889]
[0.4888295711715894, 0, 0.2010677189113909]
[0.4891197121801195, 0, 0.19723785759879303]
[0.4896419659954738, 0, 0.19410433470666738]
[0.4905704172227703, 0, 0.1896941913770092]
[0.4913247838449486, 0, 0.18719897870364993]
[0.4930076016944235, 0, 0.18226658155863745]
[0.4938199965183079, 0, 0.18046770730575062]
[0.49637323739337313, 0, 0.17501305634538383]
[0.4970695758138455, 0, 0.17385249231126326]
[0.5005512679162073, 0, 0.16781755933383619]
[0.5009574653281494, 0, 0.1672372773167759]
[0.5049614112458655, 0, 0.16079614692740668]
[0.5082690187431091, 0, 0.1550513549585098]
[0.5086752161550513, 0, 0.15418093193291943]
[0.5103000058028202, 0, 0.15104740904079378]
[0.5109383160215865, 0, 0.14959670399814312]
[0.5129112748795914, 0, 0.14495444786166073]
[0.5136656415017699, 0, 0.14274937619683165]
[0.5147101491324784, 0, 0.13903557128764577]
[0.5152324029478327, 0, 0.13630824580746242]
[0.5156966285614809, 0, 0.13305866651192477]
[0.515928741368305, 0, 0.12975105901468115]
[0.515928741368305, 0, 0.12702373353449775]
[0.5155805721580689, 0, 0.12313584402019379]
[0.5152324029478327, 0, 0.1209307723553647]
[0.5142459235188301, 0, 0.11652062902570648]
[0.5137816979051819, 0, 0.11489583937793768]
[0.5121569082574131, 0, 0.11002147043463123]
[0.5117507108454709, 0, 0.10891893460221669]
[0.5093135263738177, 0, 0.10363836824696804]
[0.5090814135669935, 0, 0.10311611443161378]
[0.505831834271456, 0, 0.09742935066442288]
[0.505831834271456, 0, 0.09742935066442288]
[0.502001972958858, 0, 0.09203272790576217]
[0.5015957755469158, 0, 0.09156850229211394]
[0.49747577322578773, 0, 0.08704230255904366]
[0.4965473219984913, 0, 0.08617187953345323]
[0.492137178668833, 0, 0.08257413102767946]
[0.4905123890210642, 0, 0.08141356699355884]
[0.485986189287994, 0, 0.07862821331166947]
[0.48360703301804675, 0, 0.07729356467243081]
[0.4794290024952127, 0, 0.07508849300760168]
[0.4764115360064991, 0, 0.0735217315615389]
[0.47275575929901936, 0, 0.07172285730865202]
[0.46927406719665754, 0, 0.06986595485405905]
[0.46648871351476817, 0, 0.06824116520629026]
[0.4628909650089944, 0, 0.06586200893634303]
[0.4609180061509893, 0, 0.06441130389369232]
[0.458074624267394, 0, 0.06203214762374515]
[0.4558115244008588, 0, 0.060001160564034095]
[0.45273602971043925, 0, 0.056925665873614584]
[0.45105321186096436, 0, 0.05518481982243367]
[0.4476875761620147, 0, 0.051587071316659905]
[0.44652701212789414, 0, 0.05031045087912722]
[0.44304532002553243, 0, 0.04642256136482331]
[0.4423489816050601, 0, 0.04561016654093891]
[0.4388092613009923, 0, 0.041374107816398775]
[0.4384610920907561, 0, 0.040967910404456576]
[0.43451517437474607, 0, 0.035687344049207925]
[0.43103348227238436, 0, 0.030754946904195446]
[0.4306853130621482, 0, 0.030290721290547218]
[0.4278999593802588, 0, 0.025880577960888995]
[0.42731967736319854, 0, 0.02495212673359254]
[0.4249405210932513, 0, 0.020948180815876516]
[0.42430221087448505, 0, 0.019787616781755946]
[0.4227934776301282, 0, 0.01700226309986652]
[0.42186502640283174, 0, 0.015261417048685666]
[0.4201241803516509, 0, 0.012011837753148014]
[0.41890558811582435, 0, 0.009748737886612902]
[0.41780305228340975, 0, 0.007601694423489791]
[0.416352347240759, 0, 0.004700284338188365]
[0.4155399524168746, 0, 0.00313352289212554]
[0.4139151627691058, 0, 0.0]
[0.4133929089537516, 0, -0.0011025358324145418]
[0.41176811930598267, 0, -0.004352115127952194]
[0.4114779782974526, 0, -0.005048453548424536]
[0.4097951604479777, 0, -0.008414089247374246]
[0.40967910404456565, 0, -0.008704230255904388]
[0.4079962861950909, 0, -0.012185922358266155]
[0.4079962861950909, 0, -0.012185922358266155]
[0.40637149654732196, 0, -0.015435501653803751]
[0.40619741194220393, 0, -0.015725642662333894]
[0.4048627633029652, 0, -0.018627052747635375]
[0.40457262229443514, 0, -0.01920733476469566]
[0.4033540300586085, 0, -0.021644519236348858]
[0.40294783264666634, 0, -0.022456914060233313]
[0.4019613532176638, 0, -0.02448790111994431]
[0.40149712760401557, 0, -0.025532408750652824]
[0.40068473278013117, 0, -0.02721522660012765]
[0.4000464225613648, 0, -0.028433818835954305]
[0.39935008414089246, 0, -0.02982649567689899]
[0.3986537457204201, 0, -0.0312772007195497]
[0.3981314919050659, 0, -0.03243776475367027]
[0.3973771252828875, 0, -0.0340045261997331]
[0.39697092787094534, 0, -0.034874949225323526]
[0.39586839203853075, 0, -0.03713804909185864]
[0.39581036383682466, 0, -0.037312133696976724]
[0.3947078280044102, 0, -0.03969128996692395]
[0.3947078280044102, 0, -0.03969128996692395]
[0.3936052921719956, 0, -0.04201241803516509]
[0.3934892357685835, 0, -0.0422445308419892]
[0.3925027563395811, 0, -0.044275517901700256]
[0.392270643532757, 0, -0.044681715313642456]
[0.3914002205071665, 0, -0.04653861776823537]
[0.3911100794986363, 0, -0.04717692798700168]
[0.390355712876458, 0, -0.04874368943306451]
[0.39012360006963387, 0, -0.04914988684500671]
[0.3892531770440434, 0, -0.05094876109789359]
[0.3889050078338072, 0, -0.051587071316659905]
[0.3882086694133349, 0, -0.0532118609644287]
[0.38780247200139273, 0, -0.05402425578831316]
[0.38716416178262636, 0, -0.05541693262925784]
[0.38664190796727216, 0, -0.056461440259966356]
[0.38611965415191785, 0, -0.057622004294086926]
[0.38553937213485756, 0, -0.058840596529913525]
[0.38507514652120933, 0, -0.059769047757210036]
[0.384378808100737, 0, -0.06121975279986075]
[0.3840306388905008, 0, -0.06197411942203912]
[0.3832182440666164, 0, -0.06359890906980792]
[0.3829281030580862, 0, -0.06417919108686826]
[0.38205768003249585, 0, -0.06603609354146117]
[0.3818835954273777, 0, -0.06644229095340337]
[0.3807810595949631, 0, -0.06882144722335054]
[0.38066500319155105, 0, -0.06905356003017465]
[0.37962049556084254, 0, -0.0712586316950038]
[0.3793883827540184, 0, -0.07172285730865202]
[0.37851795972842806, 0, -0.07346370335983288]
[0.3780537341147798, 0, -0.07439215458712933]
[0.3772993674926014, 0, -0.07607497243660422]
[0.3767190854755411, 0, -0.07729356467243081]
[0.37608077525677486, 0, -0.0786862415133755]
[0.3751523240294783, 0, -0.08065920037138052]
[0.3748041548192421, 0, -0.08135553879185287]
[0.37370161898682763, 0, -0.083676666860094]
[0.3734695061800035, 0, -0.08414089247374223]
[0.37225091394417686, 0, -0.08669413334880754]
[0.3721348575407648, 0, -0.08692624615563166]
[0.3707421806998201, 0, -0.08976962803922706]
[0.3707421806998201, 0, -0.08976962803922706]
[0.36929147565716935, 0, -0.09261300992282251]
[0.3691173910520513, 0, -0.09290315093135265]
[0.36789879881622467, 0, -0.09551442000812399]
[0.3676086578076946, 0, -0.09609470202518428]
[0.366448093773574, 0, -0.09847385829513144]
[0.36604189636163176, 0, -0.09928625311901584]
[0.3650554169326292, 0, -0.10143329658213895]
[0.3643010503104509, 0, -0.10311611443161378]
[0.36366274009168453, 0, -0.10445076307085244]
[0.3627342888643881, 0, -0.10636569372715143]
[0.3622120350490339, 0, -0.10746822955956598]
[0.3611094992166193, 0, -0.10967330122439506]
[0.36070330180467713, 0, -0.11048569604827949]
[0.3593686531654384, 0, -0.11303893692334477]
[0.3591365403586143, 0, -0.11356119073869902]
[0.3578018917193756, 0, -0.11634654442058842]
[0.35768583531596354, 0, -0.11663668542911856]
[0.3562351302733129, 0, -0.11977020832124413]
[0.3562351302733129, 0, -0.11977020832124413]
[0.35472639702895603, 0, -0.12284570301166367]
[0.3543201996170139, 0, -0.1236580978355481]
[0.3532176637845993, 0, -0.12592119770208324]
[0.352637381767539, 0, -0.12702373353449778]
[0.3516509023385366, 0, -0.1290547205942088]
[0.35118667672488835, 0, -0.1298671154180932]
[0.35014216909417983, 0, -0.13213021528462834]
[0.34927174606858935, 0, -0.1338130331341032]
[0.348575407648117, 0, -0.1352637381767539]
[0.34758892821911447, 0, -0.1372366970347589]
[0.34712470260546624, 0, -0.13839726106887948]
[0.34602216677305175, 0, -0.14066036093541462]
[0.3456739975628156, 0, -0.14153078396100507]
[0.34445540532698893, 0, -0.14408402483607036]
[0.3442232925201648, 0, -0.14466430685313064]
[0.3427145592758081, 0, -0.1477978297452562]
[0.34254047467068993, 0, -0.14802994255208032]
[0.34120582603145133, 0, -0.15087332443567575]
[0.34091568502292113, 0, -0.15139557825103]
[0.3396970927870946, 0, -0.1539488191260953]
[0.33923286717344625, 0, -0.15476121394997971]
[0.33813033134103176, 0, -0.15702431381651485]
[0.3375500493239715, 0, -0.15806882144722337]
[0.336621598096675, 0, -0.16004178030522836]
[0.3359252596762027, 0, -0.16143445714617305]
[0.3352869494574363, 0, -0.1628851621888238]
[0.3343004700284339, 0, -0.1648581210468288]
[0.33377821621307957, 0, -0.16601868508094936]
[0.332675680380665, 0, -0.16822375674577847]
[0.3323275111704288, 0, -0.1690941797713689]
[0.33087680612777814, 0, -0.17216967446178844]
[0.33087680612777814, 0, -0.17222770266349446]
[0.3294261010851274, 0, -0.17530319735391403]
[0.32925201648000935, 0, -0.17553531016073814]
[0.32791736784077063, 0, -0.1784367202460396]
[0.32762722683224044, 0, -0.17895897406139386]
[0.3263506063947078, 0, -0.18151221493645914]
[0.3258863807810596, 0, -0.18232460976034354]
[0.3247838449486451, 0, -0.1846457378285847]
[0.3242035629315848, 0, -0.18574827366099927]
[0.32321708350258227, 0, -0.1878372889224163]
[0.32246271688040384, 0, -0.189229965763361]
[0.32165032205651944, 0, -0.19102884001624792]
[0.32077989903092907, 0, -0.19276968606742878]
[0.3201415888121627, 0, -0.19427841931178555]
[0.3191551093831603, 0, -0.19630940637149658]
[0.3185748273660999, 0, -0.19752799860732317]
[0.31735623513027333, 0, -0.19990715487727037]
[0.3169500377183311, 0, -0.20089363430627286]
[0.3156153890790925, 0, -0.2035629315847502]
[0.3153252480705623, 0, -0.20425927000522257]
[0.3137004584227935, 0, -0.20745082109905416]
[0.3135844020193814, 0, -0.20779899030929033]
[0.3117855277664945, 0, -0.21128068241165207]
[0.3117855277664945, 0, -0.2113387106133581]
[0.3101027099170197, 0, -0.21482040271571987]
[0.3096384843033715, 0, -0.2156908257413103]
[0.30841989206754483, 0, -0.21812801021296352]
[0.30783961005048455, 0, -0.21923054604537806]
[0.306853130621482, 0, -0.2212615331050891]
[0.3060987639993037, 0, -0.22259618174432777]
[0.30534439737712527, 0, -0.22422097139209657]
[0.30453200255324087, 0, -0.22572970463645334]
[0.3039517205361806, 0, -0.227064353275692]
[0.3030232693088841, 0, -0.22874717112516685]
[0.3025590436952359, 0, -0.22979167875587536]
[0.30157256426623336, 0, -0.23176463761388036]
[0.3012243950559972, 0, -0.23251900423605873]
[0.3000638310218766, 0, -0.23472407590088784]
[0.2998317182150525, 0, -0.2352463297162421]
[0.2984970695758139, 0, -0.2377995705913074]
[0.29838101317240184, 0, -0.23808971159983755]
[0.296872279928045, 0, -0.24110717808855103]
[0.2952474902802762, 0, -0.24429872918238266]
[0.29507340567515816, 0, -0.2445888701909128]
[0.29344861602738936, 0, -0.2476063366796263]
[0.2931004468171532, 0, -0.24824464689839265]
[0.2916497417745024, 0, -0.2511460569836941]
[0.290895375152324, 0, -0.25253873382463876]
[0.2900249521267336, 0, -0.2542795798758197]
[0.28892241629431903, 0, -0.25625253873382464]
[0.2882260778738467, 0, -0.25776127197818144]
[0.28671734462948995, 0, -0.26060465386177684]
[0.28613706261242966, 0, -0.2617652178958974]
[0.2843381883595427, 0, -0.2650728253931411]
[0.2839319909476006, 0, -0.2659432484187315]
[0.2816688910810654, 0, -0.2702953635466837]
[0.2814367782742413, 0, -0.27075958916033194]
[0.2789995938025881, 0, -0.2752277606916962]
[0.2789995938025881, 0, -0.2752857888934022]
[0.2765043811292288, 0, -0.2800441014332966]
[0.2762722683224047, 0, -0.2804502988452388]
[0.2738931120524575, 0, -0.28486044217489703]
[0.2733708582371033, 0, -0.28573086520048746]
[0.2711657865722741, 0, -0.28985086752161554]
[0.26988916613474145, 0, -0.2920559391864446]
[0.2684384610920908, 0, -0.294725236464922]
[0.26698775604944003, 0, -0.2972204491382812]
[0.26582719201531946, 0, -0.2993094643996983]
[0.26420240236755066, 0, -0.30203678987988164]
[0.2633319793419602, 0, -0.3036035513259444]
[0.2615911332907793, 0, -0.30644693320953986]
[0.26095282307201295, 0, -0.3075494690419544]
[0.25909592061742004, 0, -0.3104508791272559]
[0.25874775140718387, 0, -0.3111472175477282]
[0.2567747925491789, 0, -0.31428074043985377]
[0.25660070794406087, 0, -0.31462890965008994]
[0.25445366448093776, 0, -0.3178784889456276]
[0.25445366448093776, 0, -0.3179365171473336]
[0.25230662101781465, 0, -0.32118609644287127]
[0.2516683107990484, 0, -0.3220565194684617]
[0.24998549294957348, 0, -0.32443567573840887]
[0.24911506992398305, 0, -0.3255382115708234]
[0.24754830847792028, 0, -0.3276272268322405]
[0.2463877444437997, 0, -0.3290779318748912]
[0.24493703940114894, 0, -0.3309348343294842]
[0.2434283061567922, 0, -0.33267568038066503]
[0.2422097139209656, 0, -0.33418441362502177]
[0.2403528114663727, 0, -0.3362154006847328]
[0.23930830383566412, 0, -0.3374339929205594]
[0.237045203969129, 0, -0.33975512098880056]
[0.2362328091452446, 0, -0.340625544014391]
[0.23356351186676724, 0, -0.3430047002843382]
[0.23298322984970696, 0, -0.3435849823013985]
[0.2295015377473452, 0, -0.34642836418499395]
[0.22915336853710902, 0, -0.34666047699181807]
[0.2256716764347473, 0, -0.34903963326176524]
[0.22491730981256894, 0, -0.34944583067370744]
[0.22160970231532526, 0, -0.3515348459351245]
[0.2204491382812047, 0, -0.3521151279521848]
[0.2173156153890791, 0, -0.3537399175999536]
[0.2156908257413103, 0, -0.35443625602042594]
[0.21290547205942087, 0, -0.35565484825625254]
[0.21081645679800384, 0, -0.3563511866767249]
[0.2083792723263506, 0, -0.35716358150060934]
[0.20600011605640342, 0, -0.35780189171937565]
[0.20408518540010448, 0, -0.3582661173330239]
[0.20135785991992108, 0, -0.3587303429466721]
[0.20025532408750654, 0, -0.3589044275517902]
[0.19688968838855683, 0, -0.35925259676202637]
[0.1961933499680845, 0, -0.3593106249637324]
[0.19259560146231067, 0, -0.3593106249637324]
[0.1922474322520745, 0, -0.3593106249637324]
[0.18841757093947661, 0, -0.35902048395520225]
[0.18841757093947661, 0, -0.35902048395520225]
[0.1846457378285847, 0, -0.35844020193814197]
[0.18429756861834853, 0, -0.3583241455347299]
[0.18093193291939882, 0, -0.35762780711425757]
[0.18023559449892648, 0, -0.3574537225091395]
[0.17739221261533106, 0, -0.356583299483549]
[0.17640573318632857, 0, -0.35623513027331283]
[0.17391052051296932, 0, -0.3553647072477224]
[0.17263390007543666, 0, -0.35484245343236814]
[0.1705448848140196, 0, -0.3539140022050717]
[0.16903615156966287, 0, -0.3531596355828933]
[0.16729530551848198, 0, -0.35223118435559686]
[0.1655544594673011, 0, -0.3512447049265943]
[0.16421981082806245, 0, -0.3504323101027099]
[0.16230488017176348, 0, -0.3491556896651773]
[0.16126037254105496, 0, -0.34845935124470495]
[0.15922938548134394, 0, -0.3469506180003482]
[0.15847501885916557, 0, -0.34642836418499395]
[0.15632797539604248, 0, -0.344629489932107]
[0.15586374978239426, 0, -0.3442232925201648]
[0.15360064991585912, 0, -0.3421342772587478]
[0.15342656531074103, 0, -0.3419601926536297]
[0.15104740904079383, 0, -0.3395810363836825]
[0.15104740904079383, 0, -0.3395810363836825]
[0.14872628097255267, 0, -0.3371438519120293]
[0.14849416816572855, 0, -0.33691173910520517]
[0.14657923750942958, 0, -0.33459061103696397]
[0.14617304009748738, 0, -0.33412638542331574]
[0.14454825044971856, 0, -0.3319793419601927]
[0.14396796843265827, 0, -0.3312249753380143]
[0.14263331979341962, 0, -0.32936807288342135]
[0.14228515058318342, 0, -0.3288458190680671]
[0.1408344455405327, 0, -0.32669877560494404]
[0.14031219172517845, 0, -0.32594440898276567]
[0.13909359948935182, 0, -0.32397145012476064]
[0.1384552892705855, 0, -0.3229269424940521]
[0.137410781639877, 0, -0.32118609644287127]
[0.1366564150176986, 0, -0.3199094760053386]
[0.13578599199210817, 0, -0.3184587709626879]
[0.1346254279579876, 0, -0.31636975570127085]
[0.13421923054604537, 0, -0.3156153890790925]
[0.13294261010851274, 0, -0.3132942610108513]
[0.13271049730168863, 0, -0.31283003539720305]
[0.13131782046074392, 0, -0.31021876632043177]
[0.13120176405733186, 0, -0.30998665351360766]
[0.12975105901468115, 0, -0.3071432716300122]
[0.12824232577032438, 0, -0.30429988974641675]
[0.1280682411652063, 0, -0.3040097487378866]
[0.1266755643242616, 0, -0.3013984796611153]
[0.12638542331573144, 0, -0.30081819764405504]
[0.12522485928161087, 0, -0.298787210584344]
[0.12464457726455058, 0, -0.2977427029536355]
[0.12360006963384204, 0, -0.2959438287007486]
[0.12278767480995764, 0, -0.29460918006150993]
[0.12185922358266119, 0, -0.2929843904137411]
[0.12087274415365867, 0, -0.2913596007659723]
[0.1201183775314803, 0, -0.2900249521267336]
[0.1188997852956537, 0, -0.28811002147043463]
[0.11820344687518133, 0, -0.2870074856380201]
[0.11675274183253062, 0, -0.284802413973191]
[0.11623048801717636, 0, -0.28399001914930655]
[0.11448964196599548, 0, -0.2814948064759473]
[0.11414147275575931, 0, -0.28097255266059307]
[0.11205245749434226, 0, -0.2781291707769976]
[0.11187837288922417, 0, -0.2778390297684675]
[0.109557244820983, 0, -0.27470550687634193]
[0.1071780885510358, 0, -0.27139789937909825]
[0.10694597574421169, 0, -0.2710497301688621]
[0.10462484767597052, 0, -0.26797423547844257]
[0.10410259386061627, 0, -0.2673359252596762]
[0.10201357859919921, 0, -0.2644925433760808]
[0.10131724017872687, 0, -0.2635060639470783]
[0.0994023095224279, 0, -0.260894794870307]
[0.09841583009342542, 0, -0.2595601462310683]
[0.0966169558405385, 0, -0.25718098996112115]
[0.09528230720129982, 0, -0.2553821157082342]
[0.09377357395694308, 0, -0.2532931004468172]
[0.09226484071258631, 0, -0.25126211338710613]
[0.09087216387164163, 0, -0.2493471827308072]
[0.08831892299657634, 0, -0.24598154703185748]
[0.08692624615563163, 0, -0.24412464457726457]
[0.08460511808739046, 0, -0.241049149886845]
[0.08379272326350606, 0, -0.23994661405443046]
[0.08112342598502872, 0, -0.23646492195206872]
[0.08054314396796844, 0, -0.23571055532989033]
[0.07804793129460919, 0, -0.23251900423605873]
[0.07711948006731273, 0, -0.23135844020193816]
[0.07416004178030522, 0, -0.22770266349445833]
[0.0735217315615389, 0, -0.22694829687227994]
[0.0700980676608832, 0, -0.22282829455115188]
[0.06974989845064702, 0, -0.22242209713920968]
[0.065745952532931, 0, -0.21777984100272735]
[0.06168397841350898, 0, -0.21307955666453898]
[0.06133580920327278, 0, -0.21261533105089075]
[0.057680032495792954, 0, -0.2085533569314687]
[0.056925665873614584, 0, -0.20762490570417225]
[0.05321186096442872, 0, -0.2035629315847502]
[0.05216735333372019, 0, -0.20228631114721757]
[0.04949805605524285, 0, -0.19938490106191611]
[0.04822143561771021, 0, -0.19793419601926537]
[0.0460163639528811, 0, -0.19555503974931818]
[0.04456565891023037, 0, -0.19387222189984335]
[0.0428248128590495, 0, -0.19195729124354438]
[0.04120002321128069, 0, -0.19010038878895144]
[0.03986537457204202, 0, -0.18864968374630073]
[0.03806650031915511, 0, -0.18667672488829573]
[0.03725410549527071, 0, -0.18592235826611736]
[0.0350490338304416, 0, -0.18365925839958222]
[0.03452678001508733, 0, -0.183195032785934]
[0.03220565194684617, 0, -0.18110601752451694]
[0.031915510938316016, 0, -0.18093193291939885]
[0.029362270063250748, 0, -0.17895897406139386]
[0.029304241861544705, 0, -0.17895897406139386]
[0.026634944583067366, 0, -0.177276156211919]
[0.026402831776243252, 0, -0.17710207160680091]
[0.023907619102883998, 0, -0.1758254511692683]
[0.02344339348923577, 0, -0.17559333836244417]
[0.02118029362270063, 0, -0.17472291533685372]
[0.020483955202228288, 0, -0.17443277432832358]
[0.01851099634422329, 0, -0.17391052051296932]
[0.01758254511692682, 0, -0.1736784077061452]
[0.01584169906574595, 0, -0.17338826669761506]
[0.014507050426507281, 0, -0.173272210294203]
[0.01282423257703244, 0, -0.173272210294203]
[0.0111414147275576, 0, -0.17321418209249698]
[0.009748737886612888, 0, -0.17321418209249698]
[0.008007891835432018, 0, -0.173272210294203]
[0.006963384204723491, 0, -0.17338826669761506]
[0.005048453548424536, 0, -0.1736784077061452]
[0.004294086926246152, 0, -0.17391052051296932]
[0.002147043463123083, 0, -0.1746648871351477]
[0.0016247896477688123, 0, -0.1748969999419718]
[-0.0008123948238844131, 0, -0.17611559217779843]
[-0.0011025358324145557, 0, -0.17628967678291652]
[-0.003887889514303952, 0, -0.17814657923750946]
[-0.003945917716009981, 0, -0.17820460743921548]
[-0.006847327801311434, 0, -0.1804096791040446]
[-0.007079440608135548, 0, -0.18058376370916268]
[-0.00992282249173098, 0, -0.18278883537399176]
[-0.010445076307085244, 0, -0.18313700458422796]
[-0.013114373585562583, 0, -0.18487785063540882]
[-0.013984796611153018, 0, -0.18528404804735102]
[-0.0165380374862183, 0, -0.18632855567805956]
[-0.01717634770498462, 0, -0.18650264028317765]
[-0.02019381419369814, 0, -0.18719897870365]
[-0.02118029362270063, 0, -0.18731503510706204]
[-0.02384959090117797, 0, -0.18748911971218013]
[-0.025184239540416646, 0, -0.18737306330876807]
[-0.02773748041548192, 0, -0.18696686589682587]
[-0.029536354668368826, 0, -0.18656066848488367]
[-0.031799454534903966, 0, -0.1859803864678234]
[-0.033888469796321014, 0, -0.18528404804735102]
[-0.03562931584750189, 0, -0.18470376603029073]
[-0.03806650031915511, 0, -0.18371728660128825]
[-0.039459177160099806, 0, -0.18307897638252194]
[-0.04207044623687112, 0, -0.18157024313816517]
[-0.043056925665873616, 0, -0.18098996112110488]
[-0.04584227934776301, 0, -0.1788429176579818]
[-0.04648058956652933, 0, -0.17837869204433357]
[-0.049323971450124765, 0, -0.17553531016073814]
[-0.04961411245865491, 0, -0.175245169152208]
[-0.05263157894736842, 0, -0.17141530783961006]
[-0.05535890442755179, 0, -0.1678755875355423]
[-0.05588115824290606, 0, -0.1671212209133639]
[-0.058318342714559275, 0, -0.16387164161782627]
[-0.059014681135031624, 0, -0.16276910578541173]
[-0.060987639993036614, 0, -0.15975163929669822]
[-0.061916091220333085, 0, -0.15806882144722337]
[-0.06348285266639588, 0, -0.15505135495850986]
[-0.0643532756919863, 0, -0.15307839610050486]
[-0.06528172691928277, 0, -0.1507572680322637]
[-0.06638426275169733, 0, -0.14762374514013812]
[-0.06679046016363953, 0, -0.14646318110601755]
[-0.06777693959264203, 0, -0.14309754540706784]
[-0.06800905239946614, 0, -0.14234317878488947]
[-0.06882144722335055, 0, -0.13862937387570362]
[-0.06893750362676261, 0, -0.13828120466546742]
[-0.06957581384552892, 0, -0.13427725874775143]
[-0.06963384204723495, 0, -0.13427725874775143]
[-0.0700980676608832, 0, -0.13015725642662335]
[-0.0700980676608832, 0, -0.12975105901468115]
[-0.07038820866941334, 0, -0.1260372541054953]
[-0.07038820866941334, 0, -0.12522485928161087]
[-0.07056229327453142, 0, -0.12174316717924913]
[-0.0705042650728254, 0, -0.12052457494342253]
[-0.07038820866941334, 0, -0.11744908025300296]
[-0.07027215226600128, 0, -0.1158823188069402]
[-0.07004003945917717, 0, -0.11303893692334477]
[-0.06974989845064701, 0, -0.11106597806533977]
[-0.06940172924041084, 0, -0.10851273719027449]
[-0.06899553182846864, 0, -0.10607555271862129]
[-0.06864736261823247, 0, -0.10392850925549818]
[-0.06795102419776011, 0, -0.10102709917019675]
[-0.06748679858411188, 0, -0.09928625311901584]
[-0.06644229095340336, 0, -0.09597864562177222]
[-0.06603609354146116, 0, -0.09464399698253351]
[-0.06452736029710439, 0, -0.09098822027505371]
[-0.06417919108686822, 0, -0.09011779724946323]
[-0.06261242964080543, 0, -0.08692624615563166]
[-0.06203214762374514, 0, -0.08570765391980506]
[-0.06017524516915221, 0, -0.08240004642256138]
[-0.05982707595891604, 0, -0.08164567980038301]
[-0.05785411710091104, 0, -0.07822201589972727]
[-0.057680032495792954, 0, -0.0778738466894911]
[-0.05553298903266988, 0, -0.07445018278883536]
[-0.0533859455695468, 0, -0.07137468809841585]
[-0.05315383276272269, 0, -0.07114257529159174]
[-0.05135495850983578, 0, -0.06847327801311437]
[-0.05094876109789358, 0, -0.06800905239946614]
[-0.049381999651830794, 0, -0.06580398073463706]
[-0.04885974583647653, 0, -0.06510764231416472]
[-0.04752509719723785, 0, -0.06319271165786572]
[-0.04682875877676551, 0, -0.06226426043056926]
[-0.045726222944350955, 0, -0.06069749898450649]
[-0.045029884523878606, 0, -0.059827075958916065]
[-0.04427551790170023, 0, -0.05872454012650147]
[-0.04340509487610979, 0, -0.0575639760923809]
[-0.042650728253931416, 0, -0.056519468461672384]
[-0.04207044623687112, 0, -0.05582313004120004]
